function Gii = HW1_Gii
%HW1_GII
%    GII = HW1_GII

%    This function was generated by the Symbolic Math Toolbox version 8.3.
%    17-Sep-2019 19:59:53

Gii = [0.0;1.962000000001863e+2;8.388044015067862;-1.878723996749613e+1;-2.266169595241081e+1];
