function Gi = HW1_Gi
%HW1_GI
%    GI = HW1_GI

%    This function was generated by the Symbolic Math Toolbox version 8.3.
%    18-Sep-2019 21:07:47

Gi = [0.0;1.962000000001863e+2;0.0;-1.226250000001164e+1;-2.452500000002328e+1];
